122
11672
8559
12360
16707
7107
4188
32543
25899
32637
19025
7698
15499
1142
25576
22285
14779
8168
2124
5477
29484
32387
11963
29601
11077
25884
11197
23052
31231
28692
6689
31227
29759
23945
22460
12766
27894
20031
4577
9737
11259
10573
7583
6720
13987
3719
6077
22532
1574
943
2167
11680
18353
18522
1781
20978
586
31908
6287
14586
15976
1683
18371
9508
2894
25164
12018
341
32299
18680
29405
20408
1779
23155
26851
14661
14075
13755
25848
2582
21847
11283
27493
9833
23795
31482
16962
17524
16500
14543
7859
30444
4044
24641
27109
21588
23455
9848
22983
18182
