29273
2053
22921
20994
21260
14474
32213
22138
29194
24873
208
9753
11078
22957
463
28183
32363
18555
1241
18174
28858
21815
28129
30009
12452
23093
29632
9825
22315
16550
18164
14151
25337
29567
26651
20161
18749
5416
27181
22837
14409
25578
7292
12519
26605
30997
22637
32514
5009
20212
28404
8552
31252
14706
29137
8505
32616
15752
21644
1573
19433
29550
8497
4722
1410
24445
15564
13260
32382
28134
30627
13520
30255
32021
25910
31575
18241
8931
14327
24450
8155
6270
7369
26506
8059
31000
21050
29765
30350
16210
30593
10871
25554
11623
20278
9438
11116
3097
29139
15099
25545
27740
11247
26786
13365
22467
1076
8769
24892
7086
9509
8688
17092
6961
9874
31036
32742
21443
29398
29619
11409
171
17367
5679
9437
2346
29627
18147
16944
9577
7530
27175
17939
26145
18632
3
5842
2828
7855
3709
10709
21519
24751
25763
14273
14628
8325
599
5710
13577
29532
12509
21478
3754
7365
6181
28931
19791
28024
23769
21318
17285
20936
4903
20054
23758
19432
4683
24190
6664
21984
29923
28933
26781
26445
20978
22092
16496
6875
31409
14762
13443
12163
18714
15112
25192
24965
19250
1595
27757
22309
22297
1060
27271
7461
21458
393
32250
28421
17107
26546
29646
18173
22092
25283
8690
29110
8248
4573
27437
8652
9764
7411
5576
16133
26050
19564
24829
27982
5677
32381
1310
1913
12794
5701
2693
2489
5634
16549
9023
10201
16626
10981
29559
2879
32655
1800
29860
4554
31211
24434
15760
5255
20256
18545
30104
15405
3724
23424
5976
11246
20418
25079
4398
30163
26398
32663
7611
3983
18594
21043
10266
18432
15504
24603
14302
2436
16843
331
8398
29953
14830
12120
29280
8627
15145
26646
25334
3508
9184
3850
13018
2893
19458
31123
17147
14078
28713
4567
23397
16975
12918
15470
23938
8021
19754
27857
24082
22787
21253
5249
25323
9270
6495
22775
16498
30078
10247
15439
21205
10157
19167
9395
3854
32546
8500
28296
10135
5587
18142
30043
16621
31772
29467
16266
29127
6729
10540
14514
2835
7908
22189
9948
25525
1472
31669
18022
9214
962
14514
14515
19694
25458
24065
12690
30506
7749
22864
3951
1468
16040
7348
19004
18573
22220
23433
25885
19106
6196
14605
20182
18457
22528
17595
23797
2018
3063
24681
19902
5438
3158
27680
31963
5369
9818
21439
14016
12903
19343
23118
22240
24608
27095
16163
7313
26747
14393
6327
25280
2507
1135
326
9812
6748
19758
28968
1891
28716
13619
25330
12567
2153
6930
7500
21598
10927
25022
16016
8533
1022
13783
26152
27506
30076
23479
6052
25715
4848
21050
13213
6666
3322
22097
8782
8773
788
4934
3051
8895
31049
3020
15048
7817
28087
1998
811
14038
18886
4852
19693
19048
11045
22517
6867
8126
16521
25759
11182
1530
13860
8872
4404
6292
28135
4402
22685
4545
32632
2848
8445
22433
15346
9755
15204
12331
12640
30306
12471
18393
27127
17238
18765
30482
25365
30913
29257
29275
30717
24810
7354
20798
15440
29529
29300
6134
586
17514
31916
12255
2242
24980
6229
31392
3296
9847
21566
27670
15259
22183
5352
22271
16122
2107
6696
22635
25350
11027
17025
3555
3729
14573
10303
598
2986
23079
29779
32199
23515
2898
754
9145
5161
3963
13804
3158
31945
15160
4301
17505
28834
25716
31413
24546
14470
763
16887
2955
24112
19908
15732
18668
13053
24834
10166
16731
1643
14569
4044
23457
18514
3392
31720
100
4836
22955
6585
14680
22630
7862
6281
5926
12459
10145
2326
2584
597
24814
24370
6537
971
2987
28954
9742
20473
22911
4246
8804
2763
15735
6612
28441
20839
32142
5125
17659
29229
20734
16309
23105
10351
5961
12011
11899
22512
29702
17156
10553
1054
23404
11344
30590
32527
23456
18281
21475
3133
11966
29783
9611
29442
25001
17253
8650
15570
7059
5057
23700
6970
21067
32727
29607
12700
30538
13162
16504
16039
27003
1911
15583
24985
14286
32713
1665
30516
123
1627
11521
19073
30998
114
14054
5448
27480
6519
2378
3146
12967
24469
7752
29508
1642
3607
13859
29861
7439
8575
28470
14602
29657
4453
28832
31357
18282
19478
5035
3954
2324
20456
14337
10621
23776
32351
11917
17364
27738
1281
26418
32137
6690
30713
19759
23428
25140
31342
32333
11841
29426
4257
18638
5967
19191
30665
7189
27268
26522
8110
22548
26369
20548
8711
10106
1001
2674
21396
20634
19680
17033
19195
10522
2629
13661
31076
6240
12592
9855
12499
21692
22314
28490
13384
18261
9647
29356
11672
17109
2404
437
9482
30932
6424
31970
22193
23045
28797
15910
396
19747
31395
6076
3166
26777
26680
29615
7246
6900
19841
24613
31039
28169
9239
5232
23533
20710
11362
15059
460
5241
27351
2836
8865
1794
15601
453
9180
23098
16880
16467
9660
16449
4948
25035
17953
27464
2328
20592
13616
23555
1455
26621
30633
10956
1472
28858
29448
14231
28576
16193
8029
27801
24211
1293
31467
32695
26050
7623
7043
24241
1788
25937
31134
12811
22829
25231
20797
8895
6815
21240
13441
20132
10994
25311
11273
6044
10460
7810
271
14720
12193
26575
3394
21197
28753
31994
11361
19467
8901
23488
11164
18945
2647
3448
21162
5786
2660
10206
25257
11413
1667
3743
9914
20976
2690
16804
29272
27922
30245
17438
10621
187
10397
26710
11891
31404
26570
3122
20858
16661
32560
4742
7711
10947
21179
9504
8791
19974
24883
2962
2910
21091
29309
8893
13394
12543
28055
16674
654
4038
4689
5096
11207
9054
4812
16557
16873
17359
18612
22541
8367
8174
573
25843
6405
15246
8926
9378
30237
9318
5072
13186
14419
2497
16453
15019
8641
8936
6505
27187
28834
4175
24090
19512
25447
9090
8806
15532
25243
14797
21192
4579
27767
5550
12066
16862
7749
25340
31098
4181
30581
20947
21620
4486
12928
29767
3475
3520
20352
19140
20272
4526
11404
11078
30262
14180
18389
28478
1955
29739
1922
5184
446
30477
9035
15213
1304
25631
3031
13219
4421
30865
27606
31333
20824
25462
7902
24460
13343
24404
14855
14251
19491
22635
581
18755
13150
11206
27784
24748
28346
19202
917
14014
3406
20705
20386
5698
32600
21134
7092
27675
24824
31150
13497
11828
13490
13099
32357
17704
18849
32447
31180
