25780
18812
11074
6596
32478
10826
2996
248
15841
32741
28938
1484
12511
26928
29881
6133
5958
5400
24579
25556
30462
6987
15364
20373
26967
9403
22139
11787
19125
8145
18266
17226
14584
31858
17164
30466
3246
11186
17800
20638
14584
24411
25114
6432
15933
17692
17388
16059
7056
14737
11095
22061
27362
12023
29676
21987
5095
17323
28480
26315
16841
17511
8315
26358
1935
5692
9376
31222
24396
17487
21401
17138
28679
11603
26122
9353
18030
3274
11218
8812
27705
23547
8033
16570
2655
18098
25021
32026
508
12218
27473
15770
10237
283
32124
20811
3985
17428
8405
24216
3919
15575
15424
23402
27943
1543
4274
27390
23818
26610
9668
15745
15961
26510
29433
19824
17423
18741
20942
5810
29613
800
1159
9074
9961
23461
23988
2750
31765
12080
21637
15585
24912
6659
4563
14721
9840
429
16874
2935
16811
14923
14104
9841
13064
17282
10487
586
12936
22840
7290
4132
5395
21525
16568
25931
5156
5564
19579
14281
25652
31945
10376
2249
17895
7306
29356
6316
32249
13438
9611
237
24551
9103
28968
4021
22365
21262
4147
16701
7267
21874
9750
29416
32326
13520
29118
11292
28999
11546
24873
6372
19206
19992
20916
4678
22956
16678
2338
20581
16859
11954
13164
8791
20311
32628
29003
18372
9329
30060
17286
18499
29751
22685
24315
25716
13149
13195
13680
31965
27625
23413
16151
2694
8098
16467
20707
1363
25910
16526
2957
21540
11310
31874
12133
8878
21394
26036
24793
14615
32603
1491
10694
12628
22685
14704
17282
9795
9329
23165
30118
14471
23972
5767
5532
1319
15649
27827
29420
27109
23838
3962
15429
13152
25353
9764
10574
4329
23601
10757
29994
27173
14645
23418
30157
29287
5165
2723
23554
5578
11674
12253
26680
7185
19470
4102
8208
7488
27290
26736
20647
9206
25084
24225
27043
6545
30853
12241
31999
22528
1228
23585
28567
32102
3861
18843
9842
23924
7550
6893
15571
11395
5871
13797
3838
16500
26815
13740
9675
840
23335
17602
20204
29566
16487
6845
28157
20016
27322
6593
21072
16108
5371
18366
7542
12627
10771
8044
1678
8308
5930
29960
1613
32742
5257
27340
14289
6823
4433
12591
31269
951
11742
3809
7827
29812
28920
27780
12205
13492
9152
24620
7450
26788
85
29845
22561
24676
8009
10279
11511
17758
20423
24490
25801
16746
18048
18633
31879
31651
20314
26696
31862
1799
28119
20485
15477
7889
6215
14512
8458
19606
31150
31562
7476
21537
26227
9822
1263
271
28621
11010
31879
12843
16877
23949
4253
16007
14571
17941
17146
4191
22643
31919
6167
4525
4652
3430
29032
18059
1772
8183
16492
12621
11932
24403
24182
23642
4844
23762
5433
9679
2232
27447
9237
10450
5173
11623
20003
24758
25572
21737
15618
25043
3635
19484
17503
17443
32243
18492
21062
7069
14718
32531
6188
6737
28836
31870
14520
14408
32090
21415
1621
32025
17185
10236
7801
18251
6455
18929
28082
11630
11136
25467
26741
21752
32307
28743
1190
23264
69
32190
16358
10748
22677
28346
16032
23323
23004
16133
20435
31458
18771
662
24989
20839
25633
7306
12939
1935
20363
27108
19362
17960
24538
23556
3884
10949
25099
16104
26692
11869
21561
10022
26401
22947
14539
17317
22050
25379
28765
3871
5021
4897
18031
7511
15463
2353
7376
25
29475
16278
25032
32758
20555
26715
15624
9404
18176
51
8018
18871
2706
13073
8424
14762
16589
28295
23222
3724
3337
15840
9791
20739
16368
19452
28744
5026
14349
9966
2629
1505
16154
8535
9863
15072
28678
28032
27427
8155
29128
20025
18338
24172
4838
31093
31082
9860
4548
2210
27375
7207
7597
4810
22937
25835
23715
19563
28276
4398
487
18710
13722
23834
16711
15050
8288
1370
11050
19214
32323
11161
15708
27088
6289
1727
13466
11776
23767
23274
27357
9196
16910
29998
20071
9562
21636
9997
15758
5991
5259
32181
21323
10786
5092
12540
28801
30184
32234
1564
3599
4733
30335
8750
9108
1007
31671
2152
12037
6443
13894
16406
10480
6236
25770
24153
29069
21767
19735
28579
649
3047
25127
31982
29075
8329
1598
10431
4003
6312
6591
8158
12557
28998
16368
22994
27209
10639
1709
25886
19839
8045
23760
15166
29909
6634
860
22624
25977
7498
25964
4835
5997
25828
734
28304
11797
7876
22974
26523
11650
17666
31348
29016
14460
12512
12974
9405
9041
17319
31499
23195
26464
16702
5004
11676
17252
14479
31419
8187
5250
5530
11161
24838
13329
14677
20041
28245
26155
13130
18301
3271
9463
30959
21156
21825
21685
14020
4816
20774
11398
5935
18025
25237
24577
6935
2452
29798
21878
24642
21345
11746
29952
29039
6583
9796
23629
31795
18431
21491
812
2196
29843
13181
7387
3687
229
25171
16910
1129
4207
10567
12223
17696
606
12998
9913
25968
23038
26837
14306
22780
16868
14029
2379
66
5597
10965
24569
31861
8089
13092
31345
25881
29207
29428
2053
15201
4048
27461
18657
14152
18339
29527
8916
19057
29827
15588
14048
29887
3042
24609
17280
18100
9948
11123
24507
11659
29220
13042
23277
25875
12463
23454
19792
11090
15650
24163
9549
4565
13820
32462
15749
2264
16515
29069
18334
27
3696
11945
6094
14719
4698
11138
7464
10595
3811
14478
4777
192
27812
32465
13569
15622
729
22811
2339
22965
16076
1284
32651
32700
22018
26536
82
20114
28456
25123
11251
6933
28092
29131
23771
16421
19580
6192
13746
23808
12943
18132
18540
7516
12148
19115
8718
26438
18862
29521
18241
2749
19500
29197
28056
20237
32378
11402
32161
31213
13226
32591
10669
11352
23552
11267
9567
12587
1376
28515
18935
6531
30328
31487
13148
17108
20653
20151
8683
8906
25799
11769
11522
29920
9819
11448
4683
9665
27132
4139
11720
6241
23073
32586
26275
8411
20180
16137
7347
20745
29728
30291
25294
29413
27448
13765
4561
19618
21095
16175
112
2698
24507
18635
27582
27286
31345
14395
23675
1487
32543
4420
5409
21351
6820
5197
21677
16790
26576
18581
31278
54
15314
28215
21775
22813
19813
5087
11811
12862
8890
19530
21877
5502
29220
16255
16589
23128
24965
5071
1794
19759
20604
27278
17411
28790
6476
27790
12707
13186
29835
8799
296
15146
27535
5193
16786
6180
1432
28166
24235
1823
7101
8768
1235
5792
32664
18893
30088
20125
24753
15020
6328
13786
7339
4799
22214
20743
26160
12870
1886
30614
28317
25119
249
6750
32366
8640
5423
22513
10344
22768
1472
31421
905
26952
15968
15589
6063
23405
24390
28125
26890
9227
25715
21960
20035
15504
30147
29329
32105
2989
11189
27339
31648
22925
21753
21065
23432
19411
2239
7293
30318
9558
4538
22673
3125
17820
32246
4935
30211
9239
24415
31377
22443
17186
2317
7920
31709
22201
21840
28301
18191
6907
16512
17944
27946
5729
25729
13156
22005
17340
8472
17855
23618
24560
31985
2067
21467
22386
2924
190
554
3971
25387
21297
30122
1834
29020
24394
26641
3058
13767
31346
5946
32360
13207
7798
16596
25171
8936
10790
11469
14001
12052
4015
29308
20854
19901
3257
25744
15108
31386
18496
20412
17769
25602
29235
30752
23386
21562
16591
374
17139
25471
26552
11777
20524
16082
25820
8246
17179
3974
16136
2855
19948
20362
4678
32179
32416
5751
1534
13423
2184
11097
2248
7763
10624
26429
28178
36
9964
13438
18806
25253
7796
14032
9176
14205
9855
26633
26179
24807
31344
13747
5761
2076
11939
27474
16764
28288
10278
30069
12119
9614
21560
18815
15691
22917
23426
32307
31043
6864
19735
24833
23351
21046
32045
5138
14409
19398
5017
277
19362
1152
1548
11463
28937
9923
31247
14149
27976
24955
19136
5393
24638
1542
11850
19686
15556
6379
14118
17980
25153
16698
11539
29849
13323
17089
31190
27550
19076
28403
9650
10189
6641
14488
8102
6171
11033
22070
19817
13369
16802
7995
7974
11170
3115
4079
8951
31077
14888
8220
21539
26800
4993
22650
8728
22048
28138
21213
27431
14794
7168
4381
26369
17929
12841
22217
15605
9990
15656
29067
16871
12040
18051
7257
6671
31617
17045
26977
14967
24276
17521
24241
1586
6887
4989
12714
861
14445
32459
19746
25559
1776
2614
3676
24000
4513
20801
25769
4018
5343
15279
16346
27842
16521
24546
31085
27701
21252
12020
9331
30978
22795
18071
28738
23820
7738
1197
2528
9244
6744
14502
10282
12960
26471
3741
11975
3109
3181
4146
5072
1430
10497
22309
29757
24370
19860
19895
782
591
3205
6337
16189
24272
4067
1937
7271
9319
16383
9608
2612
21387
18105
18804
1675
25144
31624
16046
9848
28778
1094
25587
16856
18519
14017
23555
11722
9839
1794
11259
12757
1300
3675
25459
9177
26649
30514
10839
22199
25596
22928
20614
18368
23780
21609
15148
14046
14681
28585
19424
5508
1221
4867
7548
30807
15790
7544
12992
30617
19377
27049
29350
10842
22846
19166
3715
10333
3349
20178
11746
16075
24452
20548
31776
17306
1885
9790
29639
13243
15033
31780
939
2054
16240
7804
27078
27878
1875
18559
24533
18628
21552
15971
30127
15668
8067
16486
13672
3810
16892
8858
27945
8250
5813
5491
15053
27354
5679
27410
13628
9145
9490
25935
20360
30228
4769
22665
20937
284
767
12077
952
1121
16675
6663
25870
26364
13468
31051
3994
1407
30470
19042
7973
29342
17736
9846
15110
5786
18579
7612
7556
22897
29466
31620
13550
17351
27793
16130
14972
17042
19048
21722
23268
31113
4036
23917
19644
20554
12610
3046
28818
9805
6250
27139
22221
22925
25333
3236
18242
3056
22975
1300
9877
21371
23434
6939
21846
16694
14200
7104
25815
27360
13127
18654
15823
25427
14666
13677
5296
19893
27179
6798
18376
30564
3682
29011
794
9375
9076
23892
17913
31733
236
13299
9834
15470
20762
11370
28215
10875
22926
1177
28115
24478
20307
9873
8433
26840
13036
6880
227
24535
28688
21402
8371
27356
15653
7212
28419
20334
30333
14816
14756
960
29010
2351
20217
27363
642
9162
22794
10155
13579
23399
20071
12899
27718
5452
5315
7472
28132
21149
12620
13126
4009
29029
8907
24268
1258
29285
16768
400
1991
20384
16571
11370
23081
12194
11834
24946
23163
404
2886
19681
10279
19969
23436
8392
5079
18534
17852
32627
22376
28027
8675
8346
20910
14916
4489
7501
16875
18390
32138
3741
16140
22506
5557
27403
26281
7715
11814
20146
32698
21023
5731
6707
3354
22079
17977
5220
3006
32567
31828
31416
22706
18516
10913
11372
31447
144
19556
23671
19550
15448
536
30255
16387
6167
3850
8379
15882
6026
5300
3388
21754
11715
10202
31674
14876
14842
7014
8912
21938
1303
7428
26136
22264
3072
32637
1876
3036
8866
20181
15969
30844
15297
2595
25564
27236
24960
7987
6801
900
10928
989
9128
30962
14552
2338
18830
357
2824
17420
3492
12141
12638
10308
1194
13171
11605
12400
3562
16757
2769
12371
20772
5758
32235
11426
12093
23014
4476
21671
4518
22094
12907
31128
17549
18010
9143
8116
18374
12589
10051
1315
17016
4774
26469
14987
1415
19292
27949
10610
18629
5209
12149
9302
3800
29338
1709
23694
23529
26179
4451
23006
11026
20898
21909
20445
20100
21482
10935
27911
9851
5035
14466
32674
23267
13588
5763
3153
967
30697
22623
12921
27774
14658
4838
31319
23956
21769
9695
26846
6521
9009
22158
30034
30700
3255
1797
15525
19493
29785
5679
3732
453
28441
13470
12417
7294
2160
14863
29199
1666
3667
18371
28543
22957
8423
17277
7629
3953
515
30553
31882
17285
24681
25171
2424
30029
6852
1427
20967
29704
13921
14970
15826
25020
1454
23917
28857
30945
14963
22884
23612
207
24530
24625
24700
7401
30719
23440
5681
25223
14784
25332
7819
24997
10660
16908
5322
3149
2819
23575
32156
10436
25785
30701
20538
14967
5537
16584
30017
3491
13523
2007
22353
20935
14750
4737
24935
28363
10052
377
1787
237
14456
7302
12760
10096
18072
3856
12735
4611
26794
24938
2491
30962
1560
15073
14147
27662
22827
14472
20241
9309
7497
25793
3013
17538
25839
7052
10808
13291
21356
26511
12193
189
13923
9193
30058
29823
15102
28343
5840
18312
15091
14434
7229
7977
23864
31663
101
17051
1669
27268
27426
12967
21901
7035
15888
4120
9981
1064
20200
31968
23857
19499
27549
25612
26553
17652
1081
21609
18062
4697
5748
23028
1300
20441
14105
515
26831
16046
21785
30260
20453
18580
4716
23065
31576
25436
20139
22432
16639
8495
16239
1603
24905
31139
12903
6389
31921
6015
21819
32456
25856
14158
7972
25182
17990
25254
14408
13334
25494
5174
31446
10994
25476
4241
27110
26698
26720
32700
14862
10802
28719
4984
18371
14508
14445
18000
6006
31118
8581
32611
15210
22322
19980
9967
15191
26079
31169
30625
22977
29690
17477
6303
21269
28908
27547
19537
29320
22227
12894
16371
6319
744
28100
18396
4063
10419
30550
5259
19010
19440
32364
11382
26046
27967
30058
13971
4486
21903
5821
24995
12668
11337
15765
29761
23373
17468
3680
20910
2379
19275
11017
32601
7945
18648
28405
30513
7096
5871
28346
21163
5700
16947
14237
6802
24366
31881
2770
18322
25640
3718
4210
16258
12658
29593
15932
23413
11511
3320
28172
17023
26406
5963
24603
9543
7569
20251
9468
9809
19272
28665
11090
31496
25332
31342
27986
4494
3762
27814
31228
18244
4533
23003
22040
31768
10138
3202
28915
3729
32138
7992
10455
3228
8466
14443
6987
9492
194
21704
15631
9747
23175
19560
30166
5115
13256
32442
15297
9538
14147
20782
27296
12033
5286
27815
21223
20028
15853
26014
15474
23023
7806
15126
22777
27101
10246
22595
25169
32280
20753
1273
24680
4943
24940
28886
21246
12250
10298
17710
15140
13703
30680
27067
16501
1058
882
26625
28183
14534
31330
6531
17265
5606
32076
3239
5289
24602
18682
19562
30437
15275
13048
30404
13373
22237
21487
19928
898
27903
31682
12260
32689
28211
19306
8675
6965
22526
4242
22786
2784
2702
16114
28362
25768
9935
9067
11270
28193
16684
11495
5753
22206
29989
26351
11585
22983
9621
521
9
1049
30145
1495
3314
6561
18208
2288
4415
22167
18413
2685
14530
2170
24173
18836
22538
15054
32000
13908
7498
29592
10986
22725
25607
15254
19935
18796
6025
28223
80
6065
20479
3453
120
14834
5744
5420
1061
25443
31590
2642
32071
23468
27737
16924
6970
13376
29660
7325
5331
30590
20618
12102
1836
11658
3758
6947
29999
21226
4276
2779
13285
7392
12883
5221
20348
10122
29304
31371
13594
27066
20465
2592
11620
2710
17630
3840
29645
29935
3288
7372
30367
17506
8670
10082
3018
26673
7172
10015
9839
6111
24538
17620
22828
30093
18333
18825
12582
31255
13088
19956
13783
1774
10872
26039
6557
14771
32618
16989
26366
23960
6550
2578
14012
5751
22880
24102
15004
8623
15777
19776
10486
18627
14354
11618
21757
25009
23668
6560
32716
30994
22145
4000
11829
501
21139
26832
3912
10108
17685
11114
16293
7220
15533
28457
30082
822
11046
20936
24955
20223
20767
14143
20509
12814
14453
20925
22576
32067
26993
11620
8648
2034
18098
15303
4618
32202
15321
6948
26559
11881
10998
5473
5274
15034
17590
4807
24393
15382
14153
31874
6718
16662
24596
19156
31546
15417
27675
15133
24478
16443
4908
27019
2417
9776
22988
19104
8496
31075
1507
16489
2137
17648
12838
18296
18614
7971
11336
30630
11370
3727
2528
21642
19133
9454
8217
10680
5543
27580
18971
28345
13342
32402
10813
28367
13599
28483
20967
12389
26494
20408
31816
22616
25198
32140
18365
1256
2768
2918
6652
23676
8508
25626
6916
19481
9424
895
29381
12705
5819
24846
13711
28107
27272
26687
11067
6630
12075
6819
23835
23885
15565
14274
5794
7849
29527
1714
17619
3305
21952
7548
24682
15363
3607
16942
20173
20840
9807
16832
26033
31816
462
22695
32140
13706
25524
2363
16063
905
3563
31689
5503
15760
17651
17528
30855
2836
17514
10972
28287
6836
28766
20316
32298
19697
20307
19012
30035
20141
6419
8361
12917
24421
26168
11008
23853
16174
19578
18813
14688
112
29625
557
300
14693
28618
25810
29071
20817
27393
20610
30170
25983
28035
30462
7635
511
19784
14803
19117
10785
4850
15667
16041
27824
24401
19600
31624
32750
7603
27902
7095
8532
3820
14662
4665
13574
31016
25545
32084
24856
2163
31259
30715
8323
11269
18011
5630
2533
31823
27220
30452
17916
30150
4181
7140
29152
5234
19920
27574
26884
7221
5045
4700
13035
6620
18572
9919
4265
26855
26709
17260
26145
18968
17951
32251
31480
22206
19306
26947
20315
23743
20798
3647
118
28518
28424
1983
30895
14578
23351
11470
26534
22746
14746
30183
15854
23265
29560
2262
10376
4830
30061
5999
18467
26953
28423
31986
8214
25733
28708
17978
31001
31471
9
4264
13255
31147
2627
27601
18132
3113
15678
10730
25870
12409
13990
19183
1813
9300
6529
28310
21721
5862
27145
30967
10968
11100
19274
22008
14101
6194
31360
1914
27095
28474
9262
27205
13863
23147
28414
23987
24071
22895
22620
14879
18034
19434
16081
16909
3863
21644
13856
31254
27094
24789
290
5018
28151
25003
19809
22052
25388
157
3191
13211
16461
24053
1828
29486
22989
9088
1586
7933
31743
30748
11529
8328
27915
8198
25105
14296
4782
21984
24780
14703
14261
10373
20911
16113
11575
27021
963
13967
17301
30879
9216
32055
22323
30585
3684
28541
27891
12992
5335
7495
6774
19337
22462
3131
13841
28067
3169
13546
2705
7851
19709
9913
2735
29133
20136
32403
16466
11354
6377
7248
29575
9999
6931
17124
17728
30751
15205
3912
14800
12805
15331
29224
28450
17164
4339
6225
31421
16795
1462
28121
11128
12610
18988
10251
11004
3205
18182
537
15102
8043
21322
6273
2618
32452
10153
3899
23854
10302
11168
28327
1691
5927
30801
25401
27581
23039
11550
19426
4165
29893
29195
17213
26138
7166
17360
3967
23764
5253
26049
9499
27893
17430
5470
10296
6885
16025
23482
6355
11700
23598
6284
5556
5518
9212
8982
25106
15869
6073
7354
6661
18402
11257
20821
16816
26417
31032
16738
6954
24687
29094
12752
28465
25069
10165
23966
13453
13506
29027
9532
16966
393
29767
22434
30853
9439
26206
28972
3146
20379
3987
27708
25043
28364
22544
32654
8648
6004
28487
26202
29991
29189
22462
3627
5106
24991
25503
18050
4762
25351
28155
20010
6697
24423
23778
23129
30515
28360
14371
29579
11130
17999
24803
17438
28260
20027
13792
13486
18461
7066
12419
29230
13196
18894
18087
14795
29431
28611
7468
1665
885
11501
22330
31865
23319
2564
3669
11817
24021
10623
16165
5930
13626
978
14083
26840
30415
11110
20035
1195
17737
21596
31556
16472
22642
7170
2616
20391
6103
19473
1460
28691
13367
5549
7159
12835
27558
26
3322
31883
25732
1853
27963
9474
19234
9690
18762
15073
7725
18311
30224
24448
21986
24179
6626
18512
20976
6361
14922
18104
14892
29249
23183
29104
15863
7293
30474
19744
24175
31839
26920
2806
12120
13883
62
16905
15049
1568
23312
14001
29590
24533
19999
4387
25217
4757
25270
7565
31263
27786
15027
29173
15756
6667
25878
5586
9678
15510
28491
1895
29194
30092
16183
15075
20073
24751
516
28474
32200
14940
15277
29889
29218
11656
17224
16780
32701
1403
14359
28551
5911
16207
15181
87
12687
14119
31392
750
23764
27952
22418
30448
4366
7769
14207
2505
15822
11474
18535
2443
14774
5190
18041
10632
232
26071
3684
29875
28207
2013
2141
2487
23280
13663
14318
31957
20943
31053
31877
31614
16416
8579
20152
3508
21012
25982
1625
4385
26016
15580
30014
18932
16428
8597
25293
9599
29441
14844
13386
2705
6767
9843
19936
21397
25537
28401
30832
20071
1506
19509
22557
24058
6348
18631
16276
6570
30644
30131
27676
1634
6647
12037
30305
17773
3778
11267
1024
21789
1924
22317
1489
16158
7445
10741
3832
20631
15267
2111
4267
14342
24928
22423
1728
9432
7149
20020
24830
17611
28805
13744
13600
15108
6890
7557
1448
27887
20240
14663
10602
16603
27018
26276
8147
10833
15032
5915
24062
8247
22702
6527
24693
22697
9187
32555
3527
26259
27294
6402
13774
5390
22304
18477
14781
7296
5266
7828
10476
3442
22189
2841
24163
3376
12331
3479
27432
16418
25585
11933
22856
32237
7417
14058
5031
11081
14593
25256
32393
21920
4597
3177
3292
27756
29213
3042
24139
13389
7942
17514
12803
20461
10034
7984
14915
31380
24191
27967
7334
20618
13656
27955
11056
16688
22173
28857
8730
1757
14419
24008
30302
16506
2827
1953
257
2268
13332
7047
4899
10212
15968
7486
16071
14680
28215
12102
24675
25984
25501
8916
13607
1920
30596
2965
2573
23929
16306
21282
20389
7774
25968
2113
7838
4502
15096
26081
30995
1110
15260
19924
21659
14524
25270
13130
14607
10924
1363
12561
25
18027
6814
18319
386
27901
7950
32379
14392
25151
32335
26206
11296
195
12273
13773
11425
20334
29395
32355
10220
21715
21326
13696
11021
17486
26657
3269
22195
24800
29215
22091
21695
12750
19098
28838
6799
25848
19598
30364
1031
31482
9357
11941
4963
6404
13166
30242
25023
7290
28597
9310
3171
19531
29121
8517
10960
17425
5816
11238
6540
29933
26163
3242
9644
22560
9896
12114
25894
12138
19611
24754
18388
28451
12420
11311
11591
11802
14207
5369
2897
14129
23222
9993
29009
6324
14734
7130
29756
19838
8852
3815
20336
23498
16166
32231
17977
1498
19937
4299
4639
26698
6094
25971
27125
8753
3147
23348
28067
25341
12219
6667
686
31243
18669
20893
28044
17417
31053
27638
13226
4620
11213
12286
4665
26224
1681
4026
5564
9075
19293
7752
7763
1936
21183
27033
23748
5021
3580
13292
5198
13987
15291
18702
11566
23425
15219
27475
25582
13375
11158
5202
8560
24371
15994
1380
18366
16854
29196
25564
32655
13667
5683
23811
21144
24885
19973
3546
7833
24286
30636
10895
11554
1031
10006
8635
31785
28170
8032
14177
846
11088
30464
21415
488
7788
21173
338
8663
30452
25390
22531
31497
23587
4476
20019
17352
9520
1593
12016
14794
15212
30582
12116
4087
542
26982
24522
27896
24607
19915
29952
18052
18228
11812
9387
9577
21806
19603
4606
7772
27331
26512
1512
2946
21547
3152
28432
21178
24442
9203
26001
17585
31936
10096
11893
24739
17378
9793
31475
2289
31799
3022
24425
29800
482
20378
15895
26699
9458
31791
8609
1830
24123
14538
17219
16466
30194
16839
14545
11335
30730
31691
1654
24996
4690
3507
4137
3840
14411
11583
9966
25966
10442
2686
11730
8146
12626
1529
4772
13031
19247
7583
5747
29196
28242
15476
8652
13521
13808
22776
8368
18757
13017
3672
8791
16125
1945
7255
14503
22244
10832
31226
21363
9158
26705
26358
4980
10139
1917
10202
20744
31123
8542
22780
21164
16613
5123
1061
28475
4184
9374
25852
6116
28302
12254
2099
1516
5907
1037
12659
2089
16425
16617
13320
11322
29009
22852
10828
16263
13978
4699
14293
25596
15529
7414
16990
13444
8588
9283
19830
13639
1598
28275
25834
2980
11513
27410
16883
14829
12351
19239
5920
23269
7847
32527
12033
6394
1896
13850
18841
23875
17318
15330
25729
29240
2176
20335
23004
5683
3542
20492
510
14762
21979
23527
17371
25897
24926
15468
16433
786
23767
15454
885
2325
4660
17338
27263
15725
11105
21835
9716
5088
4506
18956
2167
24180
30064
26178
2959
19953
19356
9302
14166
32283
19079
20851
22759
2476
13461
22500
13189
25107
31541
21291
6284
26351
1705
18912
4632
31050
11926
10576
3191
1685
12107
24273
10831
18279
10193
10982
12175
11766
27831
2584
12054
16465
15258
20367
26406
23139
7030
19827
30855
5032
30128
9989
25723
17580
13279
10363
32101
26696
28254
16544
13880
21660
30610
30760
31904
1995
20476
724
2547
1145
20222
17994
22230
31238
3181
29362
7599
13447
22234
2320
6094
4233
17056
27492
24922
28292
7597
21123
12285
25121
21521
17843
18511
6444
4424
28682
24068
13911
10823
28547
19156
7092
7241
31205
18477
24816
11350
29524
6043
29008
29592
21172
17907
3437
25693
28609
30019
11440
5099
5871
22905
31371
21767
32514
21462
27516
28484
31853
22800
9667
32524
3692
3658
14814
19056
8672
18612
26313
5807
9710
23554
26103
19080
20054
25486
31502
26944
8083
29260
17254
12914
8376
21873
320
29337
20229
21987
24262
20574
12108
9311
25798
8866
6406
23660
8494
6987
5940
18947
14663
21199
31479
24059
25522
130
31726
32054
1571
27551
595
5774
29407
24856
30421
11133
502
14878
13363
14222
576
16238
30365
8839
15898
30050
25802
10579
4062
7347
3800
27057
16931
29711
32488
31903
14266
1630
14197
19332
5987
4564
15225
3104
30547
21431
31806
3892
17510
17645
18692
19953
24868
4941
7256
25121
14453
25506
25391
21783
16420
10367
6597
29016
10006
6597
23096
774
11078
6389
14563
13072
21384
3638
2683
26907
2297
2598
28652
24623
19528
14433
17393
23074
680
28370
18037
7621
5777
26044
8621
11216
26682
25734
9458
22157
18902
28491
20831
10311
912
16670
5167
17521
6984
7965
19155
12183
23563
20541
27862
10758
22869
17871
30577
2361
27142
16596
30446
15370
22308
6
18877
26005
14934
17059
31063
15083
18460
11256
17622
3963
463
21425
14673
15425
2908
3810
29689
19884
8384
15828
27125
9296
26435
10896
20989
29776
5748
17453
3000
20361
13543
17114
8406
9855
25777
171
15341
27656
31648
4900
12565
18362
25403
29062
29762
789
31869
13275
6500
7537
848
14019
14912
12966
11723
12285
24076
8317
811
32693
16077
5849
9875
19088
2161
32421
4483
10359
28076
25469
31258
29735
11922
19484
24843
1909
27897
11656
865
28770
27276
25855
11250
27363
3247
25759
8357
11117
16919
32473
10083
17986
9764
31892
24286
16254
32261
27168
26372
4064
27530
18145
5442
10841
29128
952
12409
20055
10095
31792
28865
13006
13034
22125
16096
22027
27707
30165
28552
32312
16533
27771
30292
13998
13238
5968
19585
22013
6923
20744
1900
22717
28289
26573
23248
7443
19244
16806
700
19202
923
23462
20821
30071
23030
4052
23632
16403
16348
19934
1582
5558
14334
12924
24374
15311
13691
10661
6708
20070
5370
1909
4339
28902
2953
17369
5243
16300
10041
17664
1291
20048
15733
25729
28117
16054
25382
6988
8316
15571
19081
83
3150
27455
8907
1524
19777
3199
21865
8749
11951
29968
15690
19838
7633
4659
13209
1181
18429
4476
3684
14556
24735
29976
27894
23387
19193
8417
28148
28397
9114
11299
11066
19659
26016
1068
6003
2043
10157
11157
6523
7038
11434
8787
372
20284
17470
17021
13226
32688
14093
7643
9511
13395
15025
10290
1558
12490
10617
14930
13784
27854
31204
14812
23784
7903
12763
29140
18543
17832
20914
26602
25510
23601
29405
14984
27375
9415
5746
21402
13491
13995
24418
31777
11258
14973
13431
7287
22731
358
1549
13664
4681
25352
13200
24020
13962
3623
19641
20878
1078
14356
10887
23636
29156
22237
7168
11781
7988
21046
8869
25444
15276
22310
31414
20391
32595
14961
27434
21181
4368
5577
6508
18531
30400
2995
23767
23525
27416
24122
19952
19637
13633
17495
3430
28589
24109
10779
32458
31012
24506
18338
29454
23474
10638
15032
32447
18371
6061
3912
30722
6110
14042
25224
22608
13747
29364
3302
32241
17382
2444
32433
2362
6302
25095
15240
20870
21708
7800
8323
11765
9276
2554
24867
3559
29276
15184
26362
7479
8143
2430
26
28727
1201
11811
2110
29552
19368
12701
30906
6934
29104
31963
2852
3661
30370
11520
23232
18974
2697
1213
12461
30776
17317
5995
26320
30054
10555
2539
3460
17364
7970
1342
16382
25857
32270
14051
21378
22403
25755
31476
19783
13438
3353
3071
19243
10466
13338
21669
19223
18024
23484
16117
32048
26698
30647
7558
3266
10181
20005
2646
3053
7247
6421
22373
28173
25496
13518
27921
15595
11587
26339
12848
29861
18017
2555
23023
12893
24754
10845
13165
8612
4506
24382
22295
21669
17637
27850
19906
29457
7994
31476
3466
27598
3169
27902
26732
5471
30004
9671
18597
26897
22886
17624
22218
17643
18679
10285
26020
24659
31091
16067
16337
24448
29422
30693
13084
12707
4287
23351
30103
9685
20991
5503
16510
25279
13760
1591
15563
11531
7949
6611
7576
10382
31910
31954
1081
50
12408
29575
2581
8357
29406
25252
3145
29123
11674
21643
5371
15044
2705
1877
32382
7461
12874
20382
11306
21079
30245
23575
29945
6186
25179
9673
7138
30712
29625
6441
29173
21649
27932
17377
32315
27370
2219
4953
18251
12676
215
28679
6828
17054
11540
16764
28142
15642
11860
10026
13703
18479
26440
29174
19822
9684
15446
10881
20345
32744
22360
12342
29559
23585
27418
15635
21773
25275
12946
23096
15185
25564
10205
4401
15912
18377
12030
26116
25952
21963
12373
26105
7564
32223
24289
22316
7843
4384
9781
21715
8280
5365
31804
25680
30775
7418
4780
20214
32132
22447
9291
19611
20179
14819
23013
19170
21863
29919
776
23877
8779
9041
7814
8677
306
22783
28328
10001
23823
296
5426
7576
21108
14264
29467
25551
2988
2356
18441
13665
17047
17760
19854
3033
1096
20657
18981
31728
4703
8310
22506
7064
32296
19908
23325
15557
22896
27430
25685
2302
6443
2305
31363
18855
1479
5321
2222
26891
21838
32486
27496
30764
19262
21348
23059
17738
31272
12637
10198
20277
779
19750
6236
8531
28270
26940
17491
25713
31551
29165
18847
12362
32622
10182
17250
27095
13897
1216
17837
14940
6294
18473
22787
27439
6770
21844
12690
12871
27372
20736
7728
15240
4448
10633
27414
31440
1173
30160
13407
4801
6038
22251
25664
23629
22609
18573
22789
23298
15345
3124
28368
10779
13563
6933
26896
11842
3882
19143
30658
6182
11531
4273
21610
961
857
4149
13008
16486
28182
24473
379
3469
15214
12218
13807
22623
2123
17007
8358
17920
19127
23486
1231
5790
9718
6593
28616
11582
25695
24406
3165
18497
13054
15753
28094
14009
31467
1986
3650
5742
29800
32431
32222
26286
20414
15855
31843
31704
4052
22660
31611
8103
29332
20469
17506
27199
766
21062
15716
8185
12552
27289
2841
8175
2876
4256
2403
12102
30224
17098
22564
11582
32004
5929
30656
31739
6526
28453
12630
10769
2917
14819
18109
10449
8063
29043
9792
6997
32651
16060
7706
2637
26654
28711
19376
2184
24638
12046
17041
5186
20160
8163
10030
16688
2401
22816
14680
30540
14759
23794
2686
21088
13174
421
23460
28245
6513
29902
24355
11321
27414
17722
23075
15377
22680
8089
25048
30564
30843
10730
12415
22660
15090
10662
19991
6811
14072
24748
2272
20089
11568
19695
31125
28703
23677
14050
3944
18699
1121
15006
24514
11073
12566
14297
13751
20766
11630
21639
7499
28124
13931
32333
26215
15076
19614
5802
23449
3543
16192
13796
10383
17242
19730
12468
11345
2725
30452
19633
13121
24011
24648
20349
21716
12999
22788
21681
28942
12618
28057
5769
2495
31047
6279
5455
29567
17978
29117
18825
6762
31548
30642
19682
22172
25544
20036
9688
3179
13643
3923
8747
5223
7533
2333
27649
10003
26914
1624
17881
18528
4207
31761
6454
28397
13052
14663
17415
25345
20831
29766
20697
4420
20258
20933
1467
19777
2458
16831
30197
16284
3943
19985
616
31762
17610
14040
29891
31541
170
30856
8554
29669
28260
6092
15399
20621
16469
20258
19342
15395
32553
31282
26418
733
482
23281
11402
17076
23208
5242
5792
10138
17491
30631
9343
12154
23736
32114
31322
12788
14263
2830
27004
10197
5889
23493
2804
28248
21162
11408
22780
542
15986
1400
29485
28143
6099
15535
31077
26926
18634
3949
10612
25118
2918
27788
11145
28631
14865
19682
14687
26630
22689
13666
3111
5223
8734
16113
15668
17412
10065
16393
1385
13355
18961
29712
1890
3376
8525
15478
4197
28391
4568
22417
31751
18656
10232
10552
9886
31329
32172
28961
6762
30244
14785
2811
25474
26069
29587
5195
13952
2378
1956
5127
21996
19840
10462
32755
25193
22361
15016
15295
417
32280
16299
28125
2034
29080
26977
17956
4309
2127
5218
4646
12818
28934
15726
15185
13734
17494
15161
2760
1647
12770
18682
20223
15262
17750
11698
16153
28377
32546
3132
14337
18739
15607
10265
12106
29388
11774
11001
30663
20807
20187
14089
13290
16625
10597
20991
4573
13482
21537
29927
11618
26779
28036
19627
13163
5014
3813
30563
9081
17227
29508
19042
19125
20273
19901
27900
21711
3630
3018
21529
3738
15116
32571
27259
13924
13212
11255
29135
30231
32424
13680
26741
25361
17562
10215
15
8131
9965
6501
28875
31499
8791
24181
13681
10578
26547
20130
31787
29541
22448
21683
22552
30484
3388
18089
32655
21900
8878
16757
9011
27509
7606
1145
10683
28363
11781
2245
23678
3709
10939
20494
20673
28616
31380
10094
6593
9552
21202
23006
3967
31747
30954
3699
13902
14766
29422
20059
4893
10587
21181
28311
30852
4465
2028
22902
6289
28555
25715
29653
26449
5652
16408
6680
6685
1959
26267
28903
20394
11304
15526
1448
11470
15265
18291
31425
31251
31455
827
15243
3581
9673
13410
29716
4123
9091
8036
18589
24784
24646
21373
2254
12766
26877
29723
23227
7095
9376
11524
6551
15236
18257
15687
25658
9714
23352
17636
5972
15039
31519
16699
12143
9479
6861
25653
20134
5199
31010
12852
25127
31310
6135
4795
9066
22911
21939
16349
28974
28776
1196
16487
15416
19879
7236
22732
971
6337
24512
7893
7654
7083
5863
7173
18240
22804
13407
10957
14084
15224
1479
31348
12876
10469
18835
26052
23391
1931
18091
2165
14507
32519
16835
16219
12161
620
27768
32590
28307
28437
10800
11997
1069
19501
18094
28338
7222
30459
31352
31939
8678
18414
22761
7742
16709
31852
1044
15409
1127
29019
16991
7933
2153
31340
20956
29817
1578
25130
5478
3301
10953
24262
30592
31381
31715
1951
7917
89
17289
6036
20751
31407
16387
2058
7680
12200
4936
20668
12914
12698
11832
22597
27463
16523
13215
24943
1775
22104
3818
313
4229
18857
15015
27050
24745
13205
29374
5464
20507
1044
20081
8119
30748
28968
32277
22050
7301
11467
10382
19883
7076
3479
9356
2467
32730
5687
2439
32488
3829
1937
21627
32753
29518
27057
7267
23963
23202
14196
4727
18609
9905
6393
18982
16444
2968
22727
1235
6288
14319
32702
32079
26387
25250
17343
28441
24268
23184
13595
21847
27055
29669
22204
7571
2731
28472
3349
18999
21615
13923
4043
16583
256
2854
18976
16352
30204
891
22052
14580
16811
28599
32410
2499
23755
1637
29611
20888
15640
29154
7757
24137
1181
7096
15985
27884
22973
20923
16367
14937
13312
8421
29234
8036
10655
498
3747
13527
2510
13244
14806
15153
20427
24404
27511
16929
15019
25060
26867
19393
5599
22599
16102
26515
32393
18533
25927
316
12673
1104
31317
24322
11813
8992
16448
3079
14820
11150
18840
10819
4234
19539
118
26691
19785
15934
29804
5795
22667
11288
6958
6476
26234
15416
28669
12398
21067
6116
7639
21820
25166
3182
8288
9835
16567
8715
1934
8296
13610
17522
18968
7516
27400
22841
21148
22752
20603
24558
13203
29568
23107
30712
11765
12785
14399
26668
30379
29714
18107
1070
26297
8101
18556
2958
552
31434
13708
24222
436
12863
10950
9493
19258
1881
17952
16997
1248
25025
31675
13276
12034
16623
12204
13436
28895
18792
8328
17051
1032
27063
28338
25403
27268
21293
19556
16167
23492
16984
8830
30162
5194
21316
13841
16879
29719
23924
6827
19407
6105
5022
32096
17791
22737
25386
5277
11421
24454
20329
16556
19966
13611
17557
10502
26370
32721
7821
25180
178
21837
24397
26980
24734
20711
20783
32356
11129
22471
4323
11647
5489
14368
15151
4034
15439
3865
14952
4334
1875
8576
28588
17923
10445
4910
13284
8337
7547
10552
27773
2750
17830
730
12257
14358
29691
29988
13752
14102
3626
30050
3808
3958
6976
15948
24876
31034
23493
7154
8928
30839
18325
2662
4585
27110
3455
4902
25308
19498
28831
5456
25525
20961
8059
25733
3660
2156
24800
27288
18070
8062
12922
14335
16545
7527
13622
12022
19021
3102
856
13684
29899
27408
19547
6607
22999
29099
21132
5678
30901
28329
9829
7858
26349
20509
15274
26212
20678
8255
13381
18141
1411
759
31970
30391
2912
42
5962
15030
30538
9928
11905
32182
1122
21650
20638
31572
10032
11948
27245
26972
6311
5862
24773
19446
5341
10698
25514
24719
18822
4453
22307
19337
12341
14550
28122
29857
20563
11416
20853
15908
9435
13199
29879
721
8667
27860
27477
1677
5547
32320
25497
17865
25066
8122
7609
20403
18493
3905
31988
5920
18118
14776
3698
26164
16486
9332
8665
24791
27827
25479
20398
16855
19384
10443
2418
16093
6511
14253
3961
16145
31999
18879
26760
20621
28597
12284
14134
2179
6084
15576
2303
14893
4797
17167
31529
12407
27596
13610
20823
22127
14776
12753
23022
31336
8345
2260
15403
6129
13142
1272
3073
21626
28901
1665
16307
6847
22850
14979
25398
251
22060
31465
9540
26062
29602
9026
6720
28650
9249
26191
20685
23681
3226
28749
5164
18543
5173
25091
30809
24614
13256
28810
3045
8797
16662
13791
19346
8568
12744
32298
13232
28598
4652
7627
2874
8733
11183
7210
17584
5669
5915
16187
4274
26151
13969
17363
32353
14467
21318
20142
17781
21908
23293
25148
5662
12373
31048
25903
2716
19920
2174
1478
5789
14154
5755
1494
4186
25392
31002
15261
12144
16576
11892
21318
7551
21111
1237
7484
29828
829
18050
29999
18166
8787
25901
3559
3491
12792
24884
11723
5961
29918
26782
10288
22004
26192
27091
8035
9755
2336
5661
23413
27512
14674
4066
16841
8107
27785
16542
14686
11917
3381
4771
2013
15445
23674
2704
29538
12653
1759
31891
13578
10258
22459
22878
2113
6062
14176
20202
25288
23029
24580
14574
8585
26049
30067
7454
13851
23470
27511
12068
8467
16501
26371
6239
17680
265
1570
32606
24197
7283
15010
2843
11333
3950
9087
24055
5328
24002
4369
17529
21599
21857
8181
5063
32689
26435
5821
29664
26515
12801
29271
4511
10546
6707
19774
29808
30497
3211
3426
29647
26408
17838
1240
2181
20690
15318
28993
30114
2229
1577
1532
1337
1151
24022
27915
21726
13253
5365
27334
28128
6539
7964
4162
9542
29331
1984
10366
32652
29798
29266
19539
5146
28964
21
18714
11401
27659
14273
17947
7061
27336
19162
21688
2016
3968
21709
22366
9836
18334
28623
27431
8406
7003
15221
16463
9043
27150
12563
3421
20076
7993
25046
2317
2169
11343
31393
5888
27359
21318
10664
4898
18185
3553
16845
26591
32551
7611
14269
23301
11945
4370
21706
15735
24186
18521
15239
27031
16637
18556
6693
15473
12744
26097
9872
30120
29987
5251
16457
10785
29503
26589
21506
13681
27446
4313
23803
22023
22982
25478
8223
24601
4045
12795
31965
13135
13444
2015
28615
24370
12155
4788
8941
8787
13912
17126
10231
12347
31311
29079
14341
27158
12640
5928
5447
30238
30548
24199
27227
25033
17013
8507
17258
15025
26640
6192
32001
19015
27820
19779
17583
24632
7175
6541
1892
22427
9428
15472
27012
17119
13367
22371
9422
27255
19708
23165
26608
2626
22171
11715
5094
31164
8172
9009
29462
10983
20906
32138
17965
11255
3241
6111
17079
6080
12247
31201
24449
8416
500
25832
2734
9132
15121
9663
9627
27355
10698
14134
25204
4852
28739
357
24467
14457
5347
16832
7324
23761
25299
26591
9561
11766
22069
29451
3670
7395
4132
7304
7996
28347
3696
23205
18158
13497
8982
2180
13669
22235
26497
16041
14156
7502
10115
10309
12123
25752
18
24896
18803
26759
11715
10505
17278
20957
18183
30237
26629
29368
24103
13912
5774
24003
18176
18430
30139
17439
31871
30601
11043
17935
25051
3632
13551
8806
23445
15676
16693
28848
31793
29194
7956
21027
16561
24287
9620
17732
6358
17518
11322
2137
14102
18475
29038
13970
25692
25422
2702
3062
21378
13990
14798
31758
12431
20258
17878
1876
26544
10016
12057
31578
24568
28789
24310
2491
9687
29497
11409
25026
16732
3415
21360
14556
13354
7896
14293
28094
23355
28394
5342
12885
12376
21939
28765
26738
10068
14040
28792
7474
8972
6347
28416
20270
15902
25816
26258
27495
25452
7151
5488
11504
29263
3119
29213
19289
27291
21303
19898
9183
23639
14635
16419
18773
5945
12424
14792
9936
21987
1704
22349
8470
24800
4372
21217
25284
25949
25485
12127
16193
31655
23257
31014
22630
6504
2126
14521
29418
27553
18976
29461
9615
21607
7274
21462
20238
2141
28413
23816
32451
2037
3052
14542
15384
28774
23252
2229
22707
24683
3308
20182
14687
27842
32208
19630
16827
24672
21772
29628
20133
17524
13419
17375
27492
27682
32510
13166
11671
32764
1259
32021
25569
17728
8187
28530
850
7380
3297
6771
32660
30210
3403
30318
31194
12531
7850
24829
29320
11501
20930
2975
27042
32332
3825
14352
6646
2114
21311
24164
15113
30286
12841
6374
30147
20861
10285
29106
30682
11619
2581
28180
20990
10456
7428
29599
3273
15987
9025
25357
8293
8392
27079
1242
15099
7777
8840
9119
479
18813
6021
28719
14716
24459
655
2931
1
11364
5594
20997
1736
25932
327
17807
30347
14247
109
12258
27205
1915
15725
23510
11497
6569
5234
32740
9670
9707
1034
13956
8117
3212
22056
8263
22280
11242
19957
2997
31282
4525
26203
16100
2358
965
27983
16093
16337
7461
2016
12462
30310
31297
27396
12367
9645
12616
21789
14645
31004
4641
5198
31928
7185
27176
9601
16933
11716
18341
14388
11427
2031
30992
8966
710
17466
17415
5381
21493
11368
4107
4021
6012
324
254
30175
8560
17481
15709
15136
2374
28692
23613
45
24114
19338
14087
10215
17729
17353
6899
12578
23861
30928
5701
24885
1060
26861
23882
2881
23247
26346
785
66
8643
18166
490
29655
19506
28245
20384
25041
25742
12743
31094
16509
7915
11961
994
2994
13586
2862
2571
29849
26724
18540
22788
16959
17781
5222
710
11996
1380
17901
9455
19937
10492
28565
24381
18115
10636
13672
13769
28810
23430
20813
23299
6680
24282
29238
7537
2874
14608
25101
29991
2672
29992
7772
27909
29564
25905
20414
25523
10925
25003
19465
24670
30952
8862
3897
30511
7291
3702
22299
31120
6817
6821
19902
28190
7637
6647
28313
3180
27863
5300
4732
14461
18047
1655
20024
14848
11845
7633
4109
11081
30092
22941
10200
23572
3505
8225
9721
9208
28375
11242
15621
24748
8048
27236
4657
7165
10380
10299
10361
5515
738
10101
21139
11335
18590
31564
22423
25516
14320
17868
13931
192
21073
13105
13296
31433
9363
20222
8174
15312
944
3805
31936
27863
19023
12090
30143
18905
25365
15774
20591
14726
11185
27852
17516
9403
31910
3741
26130
18883
25047
20379
4079
1872
20436
4192
30442
23351
25063
30892
21807
4335
27868
8265
22498
23496
29332
27039
15231
22763
16968
27158
17171
13589
20894
31792
30237
29202
6766
22370
20801
2044
2385
18869
21938
24113
18670
28449
9053
22549
30211
676
2518
29069
2101
9509
15363
10038
31640
13836
4746
9833
1790
6558
2300
240
27392
2329
25022
24709
9678
18579
7355
30222
6070
24211
11468
8346
25717
10604
6114
2075
7489
28253
28153
10209
32658
15978
17085
1243
21684
19704
5624
2956
15886
5163
22211
20942
31279
25344
28009
14410
28318
12585
30746
10163
606
21676
9812
26053
5443
30010
24337
15873
8184
22864
7601
31269
18635
26896
12710
26221
31039
732
19681
23948
16464
32184
3328
6249
3460
30044
27444
15770
4278
15388
16115
27809
19106
3704
16227
16617
6703
25730
12161
2174
21120
31988
8469
10895
9657
32269
31318
31141
28817
18479
10844
28065
12956
22074
14410
375
16214
18342
6455
12461
29679
28771
30945
20625
32216
2672
24849
16701
32273
25917
27596
12876
5425
11970
27710
30553
9266
12891
14951
10300
19970
10602
3458
2307
1482
31147
4410
30130
13820
32085
8588
19899
19487
12534
22906
6972
13658
25356
24693
29178
6082
16739
8840
16929
21603
24625
24388
6841
7696
5874
15215
6120
12523
20228
16747
30954
30387
8195
31848
6608
9168
21986
6729
19708
6432
15566
16471
20568
5759
20163
32424
23129
2585
7914
3661
31415
2159
7865
17982
19177
14634
6345
29446
10850
17571
32118
32047
654
3630
23864
2667
20107
18218
11460
1415
25255
9929
12002
14608
12190
21152
8205
26818
32144
17389
32716
5556
23236
13740
5075
22854
14879
26456
216
710
32098
16513
5431
25573
26407
8467
8517
30684
12441
27232
31092
20829
16118
3314
32299
31548
13510
10003
17762
14298
23256
24
16897
19285
7425
27762
1270
15473
5780
26226
29720
14405
27296
26591
4799
1189
25580
20538
14367
11603
6323
25548
20329
22501
3616
12148
32160
27252
6024
23858
18748
28937
28010
17778
8064
28104
14375
18713
21403
32730
2688
16465
29569
3356
2004
2581
3719
23177
12823
2171
18881
16231
7058
5572
24091
24372
30812
15909
23610
5712
19356
19027
21008
1383
11388
26321
11841
26532
24300
29689
32057
8087
15387
19148
23561
9954
9910
633
15622
19623
1759
687
23072
28338
2540
28322
28931
6501
8676
13535
9456
14951
186
20432
8792
21004
2887
783
24637
20354
9
8555
6985
961
19869
10171
26283
22320
21758
14437
28341
11800
4987
17324
18742
10186
28794
26813
28568
9358
10991
23417
16058
15954
8858
23297
6283
8207
30979
1282
875
26618
17974
4549
25410
112
23870
17654
10332
7070
23652
7983
4107
15859
1317
7244
21243
839
6132
2670
23891
2760
12212
17867
27793
13737
22771
25916
12066
9353
24808
9092
16836
8099
6187
4449
9884
21947
1334
23637
4630
7620
17055
13873
10625
10066
1299
10598
3942
17858
1298
26123
22955
16939
18540
21422
19820
24579
1919
29659
31893
145
10798
24940
8511
4375
6304
30870
21200
12219
23485
29616
28881
13113
18793
2243
24462
331
14462
21458
29295
24531
30860
6638
8217
11470
2384
12536
23620
10489
19957
6196
13146
16704
14348
3475
981
747
9805
11197
29013
9864
29451
23776
28036
23958
28281
11835
29354
20214
16543
20585
19471
28178
28442
20590
2068
6346
662
21891
28688
10275
2060
28577
8684
24494
27068
17103
10109
26554
23529
6956
10148
15929
22872
13756
3367
19059
27526
18930
16206
32620
15020
8193
18493
14614
8563
16355
1301
16439
16503
1318
15305
8472
19838
9081
12992
16627
6773
26618
9775
24090
4142
17213
14132
26343
6363
26652
12467
21351
13898
2881
15857
28101
16350
3956
28402
13688
1105
10917
9875
18732
19243
20409
20070
882
29185
26901
27728
13862
8558
12267
30180
12452
21971
11335
32126
31914
14286
10712
5407
32267
123
11647
780
24857
25965
14233
9253
976
18539
24333
6150
17858
9962
4372
4831
27334
1358
459
28948
31840
20961
6522
26772
21999
31631
27298
29689
18329
14440
31944
21348
31735
14290
30724
16150
3199
15505
32072
10191
28853
23160
14193
8423
13329
21484
28944
20525
7855
21278
15093
32643
15545
31492
28543
11317
28820
3100
7846
12318
31693
6368
11973
24697
10946
1544
15912
16008
3856
21122
4442
5607
29888
25394
6699
9389
32305
20073
25475
10568
4803
25383
28138
29205
3144
26641
18643
19138
20267
20016
29867
25444
14686
21359
22950
3415
5125
20691
24388
27097
29668
12408
28837
26213
13449
18255
31122
8913
31289
3737
10311
7462
26267
31010
2
16195
27686
24638
2124
10800
27724
17541
9482
23363
3172
24142
25411
1781
27992
14828
18094
17793
12818
23467
25603
27970
167
10121
21502
14026
27202
2228
19251
1730
26063
5319
25237
31108
18795
9925
23748
3193
28302
11729
29722
308
27894
11187
32116
22091
6226
7947
27584
29177
11444
21843
75
23157
21939
24726
13256
6160
31843
11506
9247
7441
2038
29134
4859
20305
32047
31452
16658
3989
10378
1230
12851
23214
16173
10711
9745
24658
8844
6632
20945
11193
13023
6823
9813
14839
23621
2863
12102
6684
19125
26507
22244
29453
28841
2031
6797
2849
19593
6076
31758
11643
6360
50
15277
2346
21280
17138
9971
26114
17822
59
2106
19256
32686
9441
761
29631
26869
31756
26834
11366
23376
8374
21336
30638
28544
2786
3746
4972
26770
13469
8337
15395
27151
4790
30944
18975
25832
23869
5616
1105
26400
25532
10833
17646
14903
26936
3856
19398
31834
17382
3779
23141
8268
15533
21845
30187
18
27231
4242
27307
28257
1207
3441
28038
29384
27410
24101
30470
7325
23278
21730
13370
6313
4643
24432
10580
30099
22755
3953
25091
17165
12147
23409
19345
30656
7078
25778
5308
18936
21022
19893
12118
26383
14146
28040
20379
13723
29694
27603
1366
3671
6718
4512
19122
6098
5416
23277
9441
12505
24859
5363
12911
5541
18284
5428
17251
11205
6619
21831
22298
8394
10711
32611
7140
18356
30582
14253
19547
24863
21554
11842
1671
14893
30053
17922
30899
20018
12930
23586
13
22307
27417
31856
5376
30908
20617
3685
8530
29299
3970
18157
7165
1055
5442
27381
1741
29032
27787
11960
10685
20461
28262
15818
10258
3128
17050
14305
19253
20835
27627
11878
8017
16262
23571
28352
15793
7400
19330
9563
24791
28129
20692
9594
7771
8080
29718
25026
25226
12610
14777
24962
2490
2205
24914
16067
13166
23696
21527
30996
11055
25339
32538
10514
805
11549
5443
24761
15480
24257
29966
17518
6505
11304
11786
10440
29998
19125
25101
16674
15762
16475
32312
10977
27209
15815
1966
24965
3604
28492
30739
26482
23961
28818
26054
12156
18432
20222
29663
4917
32077
18144
17895
25078
32384
10080
29530
21678
4974
2341
14045
29293
16989
17354
21823
12719
9570
19970
30769
25193
14715
29829
30918
11477
876
5058
21929
12542
9818
16450
20768
4875
18473
2525
29380
75
24469
17824
26877
30980
18450
2682
1600
27387
14180
19625
22024
26819
28926
17383
1429
2502
21276
2131
7271
16149
6559
4641
16505
10479
29356
2049
574
14611
16643
2128
27740
11717
10271
22785
21291
12706
15891
10825
8172
11301
32543
22542
5065
3829
24341
22029
16017
11252
5230
13005
9520
24584
31019
23879
21487
7847
7533
6482
22641
10789
26579
20176
24425
1213
24471
8091
29212
26209
31848
28717
3994
17217
6149
20241
7612
12061
23966
26381
28124
10571
21226
26636
20823
7559
22279
4814
31172
9598
13078
21326
8433
22297
6290
5622
13474
11146
10612
17285
520
19223
26121
4028
7427
18857
7310
1740
32535
8212
13969
1407
6704
28196
7
2088
23318
20843
17452
31820
22446
23757
23582
269
9462
31944
2872
16986
4286
21636
17711
23256
15143
24478
14831
26767
19421
25780
17203
16469
16148
1200
4070
27643
1603
29397
10557
24377
30883
8587
11665
3929
20326
28650
23805
22950
10680
9224
21436
25748
21622
15875
3647
26540
20913
28621
4881
1598
23521
17850
24171
10437
24809
19403
27543
280
12495
15288
30725
9558
23607
32703
23598
28047
32420
5679
5676
50
28782
8627
25110
14651
7299
12895
31773
22553
30174
4988
26728
8288
18631
10772
23727
22835
25551
12348
10137
22383
21642
22820
12758
32408
13322
10720
29948
25732
16160
4851
1059
969
13906
5792
575
10472
16795
2033
8768
1590
21477
11908
3307
6798
19015
23321
18550
22200
17150
14555
32230
11672
26669
26481
14377
31510
10837
10692
30962
28113
9874
13711
16216
24451
13467
28584
23598
18482
22647
8464
12320
14364
5120
28859
12178
1120
21529
11808
18489
4716
30127
14465
1141
28202
7792
3832
2165
5865
25934
21829
17673
12045
1714
22873
31814
31351
8320
26017
29660
22450
12751
27668
28982
8162
23141
22011
23382
6509
5621
1155
7791
26982
28440
19972
11583
12222
26123
1039
15411
14889
1838
20026
4664
31186
27960
26027
2914
10174
11067
32101
10560
17408
23131
25429
19705
23458
18254
9755
30511
16718
31635
19354
10640
9408
7794
25662
17980
13548
27062
1808
2266
14574
11821
635
30072
19381
9180
19931
22822
9839
514
1995
14418
9652
6867
3371
18146
30066
30449
29939
17940
3995
11434
31931
25621
31119
28405
12806
31074
27723
4137
25682
16354
21327
29827
11232
24512
20049
12374
4419
28170
8611
19983
8619
14603
16741
30703
31727
32360
25450
392
8796
26365
17387
3316
7487
25717
2286
18392
14900
19627
28788
31772
29741
20164
13669
28776
20545
7689
22332
21597
15162
28293
12402
13464
13277
8034
1964
12903
19959
12036
1956
31561
23084
21731
18903
15400
15999
23849
24563
3157
19360
8719
2047
3143
6905
16119
30536
13331
16759
22858
26639
3499
25369
6927
22004
22230
29497
15184
5408
18163
11677
12333
12342
29805
5181
26301
14583
5629
32210
7336
30647
7075
291
14213
9603
23394
18703
13812
7439
19902
7513
5755
11874
5622
11318
20513
320
20994
24728
14541
12891
28235
20792
30044
5944
31021
5222
20355
21730
12845
1168
3435
13650
20730
16788
9990
26521
16421
31429
30002
5843
18336
19903
13973
972
25336
17899
1587
3439
16210
18641
8143
21491
7463
31521
3592
25284
4543
27263
7726
3378
25710
2066
13801
27099
913
16331
26248
6361
19783
14453
23082
16556
10224
2177
30351
28134
9831
27535
20923
16793
13311
17596
21584
6784
1086
31150
9641
9456
16988
29280
15798
32124
15482
18862
14490
21099
1698
31392
18438
12251
20866
5750
24147
25265
28904
20344
28514
7752
19965
25722
25396
20693
16705
14641
5704
21148
4170
10041
952
23508
2876
21474
29970
27995
1543
5822
21495
6170
10595
15595
31094
20278
22413
13600
5926
12540
8382
28794
5637
29321
880
1028
1811
23100
29776
22280
430
29917
27137
27161
2988
29066
26775
731
26426
20581
18638
18585
25207
20479
14094
7556
1232
17795
9759
16588
13850
19362
12716
1377
15217
29762
11385
10630
9682
26854
22116
6938
3706
9691
30237
13478
15614
15400
21157
16165
4903
17971
18567
17559
23187
31539
30425
32580
20493
3417
16370
29137
2215
16062
6632
29700
3229
22795
27344
16470
17385
29674
27829
20030
4261
13872
21844
1336
13093
32199
15773
5271
21456
6749
1258
31760
20162
1742
11261
4354
7460
19794
25532
3206
30790
614
19371
28219
4737
635
7213
16334
463
24161
14458
1356
14375
8818
25696
26151
9625
25726
6585
23306
24622
17530
14768
27740
28029
19431
5555
19862
2573
22532
3126
24901
2670
31411
13614
29150
12822
32300
23112
11077
7164
30563
14061
8476
4342
4922
15351
28108
26579
2663
21296
13908
19256
26659
24207
7892
315
3992
28465
31704
4289
11271
28696
19557
24728
30652
16551
18630
11347
1459
31449
4627
27369
31240
24901
20102
781
23839
12498
15997
26955
30103
21050
5711
999
21744
10048
10447
28789
758
28592
11937
1848
29685
539
13887
14395
13723
21583
2249
7729
32427
3992
3985
25357
3431
11449
1635
21089
186
21417
1684
13688
6185
31502
14033
21810
1656
890
11173
15778
17180
19048
17607
8040
1636
28917
4905
27344
23654
21086
5057
167
31402
26173
19221
5345
17561
2691
3465
7916
10915
28980
105
29650
20531
11750
8116
26129
9300
7927
21678
1850
22816
11921
26916
26444
26092
10079
25469
28110
53
6412
6021
10414
14153
2176
30713
11484
7861
26585
29906
25766
13170
4651
29266
26578
26574
18168
9423
14717
540
24942
23874
1974
14875
18275
4751
18649
16679
19473
13202
21165
8481
657
3566
18237
7711
15385
21908
29559
1748
11765
6421
31622
8126
31558
11944
28911
5394
7805
26107
11885
8039
28311
2746
5517
18212
15382
992
2570
29355
16835
7104
18150
11074
25893
15570
26957
17606
703
12094
19753
21518
16909
9002
6020
8224
11581
5060
2722
31254
2222
20238
32730
10190
9769
11885
9016
19797
12258
19439
19668
273
10029
16479
5104
30384
4864
13835
30677
27860
6700
23632
14954
18811
1370
2026
18585
4400
25800
3069
19554
9459
21953
6114
17595
29417
9182
9651
16174
1476
16894
17813
3889
7920
22278
20936
8004
18306
23129
22384
14285
993
31766
16416
22451
5682
21781
2091
31420
31621
6815
3499
27047
4033
20975
17486
28681
1103
16236
23012
5096
5513
3492
6057
11033
10977
26632
3154
27225
19921
1386
19161
18990
9095
24119
18952
23931
21836
2676
12487
30182
5048
889
6950
12778
8343
17776
9258
20667
2970
3213
16472
26589
3518
10763
13570
22147
12156
11498
14420
4776
9653
23146
1566
11247
4444
12869
30047
8251
3553
31408
23189
24078
14945
4112
17095
4258
10638
29820
21326
4553
25695
23287
23144
7557
27513
10858
23675
9063
25433
13411
10792
20904
22342
7056
19223
13833
16120
9722
18813
4202
13064
30465
10861
13101
31767
27931
7908
3400
26814
8011
14739
14892
5689
13923
13674
13145
6098
7675
6377
32702
10511
18733
16934
31954
22171
1814
10141
7539
18933
8972
22970
14977
9178
19615
4392
20794
4467
849
21975
19283
2111
533
2768
11484
21694
26250
27320
17361
26595
4084
16677
13695
3895
29182
27812
1437
973
22322
30086
29477
31721
20276
17775
18167
11119
17602
19356
28717
24333
30572
6647
2620
7720
21778
18140
10447
32647
28450
8105
1379
7362
1935
30728
27299
20584
29072
8700
31105
10995
16925
23212
9240
19052
3114
14322
31301
222
9378
25251
9215
30076
10786
10652
9594
11409
19578
14737
18688
8748
4068
1429
19082
25479
2050
11369
8481
21308
18073
26245
503
1062
31248
18662
31044
22296
30630
26781
13538
18240
11638
11028
23719
4441
14380
20255
5254
8596
6277
31431
1124
29764
17544
22997
443
21836
4230
6432
14065
10824
11218
19094
25718
13182
11585
32269
6048
28547
27488
6855
29510
3501
7288
17863
26142
6972
31299
24790
27351
22343
25963
28244
11765
22888
17606
26047
13680
30503
7251
17669
26124
5159
6132
27274
631
18707
1513
1015
36
3398
32016
7624
19946
20284
10975
8084
26715
10173
1309
16667
22501
5059
23395
17426
29867
24880
1110
32429
3105
14897
8865
752
17514
31599
15797
28342
22897
16636
10816
12414
4041
22008
32366
19705
31045
29447
3554
29012
26455
30579
10611
24133
10025
2336
7847
30679
25469
18227
13040
1526
18501
31617
5800
29114
17410
30393
3022
2932
733
850
15486
9593
32646
6963
32050
4016
17872
19491
30395
16350
17161
30455
29693
12972
16410
21877
20333
20861
24931
29450
15436
26866
18516
1072
26528
31802
13004
18589
11511
282
13362
25644
23259
20672
25684
23180
17172
22855
8194
6571
4768
23561
14185
16096
11635
17577
9777
731
2543
25820
12630
30797
18466
8442
1735
2390
193
22856
15041
24499
2024
7170
16104
9124
8079
27691
12074
15774
21964
10517
4180
1717
2763
25263
23664
5063
23181
9874
30949
1897
26211
4554
29262
5779
14889
13156
6678
11275
18755
3004
25048
22162
16217
13443
4216
28112
8402
32147
11520
6655
30481
2674
15165
10842
1138
15528
9750
26180
15363
30401
29615
17721
30978
1056
8001
14709
12827
12682
13495
31078
9310
25198
2569
29650
12802
12022
12889
23240
28892
22222
1743
29000
9373
5303
24885
1970
8398
7882
25682
21231
20109
24461
28166
2657
20997
13239
3882
30859
2990
14531
9508
27264
29002
30775
29005
10765
31387
31665
18948
28326
7652
5558
16783
28945
6182
27450
24245
3540
32024
2543
17180
8799
19171
5966
23395
4346
32162
25702
29950
5997
24220
29287
21973
25713
2878
13293
12700
6105
28635
5902
6384
6528
12836
9250
15927
29425
18278
15701
11316
6105
12934
19182
19052
18733
9660
24668
19261
32539
1042
9733
24503
1458
32411
5070
19777
14416
18804
18538
16621
1999
9340
2404
31894
14190
13267
14314
14783
31873
25619
18015
24107
27865
22097
31391
24124
26609
4050
2320
26892
26333
27021
21612
14925
24307
31589
24145
11745
9014
32547
13445
28984
28806
26421
26379
28269
4234
9512
21223
19744
16217
23527
19888
9489
16363
31153
32218
16001
19266
30171
27584
31817
18008
11851
6004
19383
27335
8368
8007
13868
20027
31618
17175
28790
29848
17085
20571
1006
22762
1117
17135
27985
6416
22680
9888
19807
12328
10718
1399
1845
27577
145
28358
26731
1955
20100
25332
14061
7367
30261
12296
16538
20086
2507
2806
18590
25242
32206
29100
28304
12455
19368
8668
27466
4927
16351
12424
16268
18600
28688
3663
12368
28142
5290
1145
11499
215
17008
30403
31464
5259
16300
30188
17316
9472
28980
28412
24489
13607
6942
855
31691
9176
28995
21893
29700
25470
13172
22206
16
130
20862
24888
3528
8824
21216
11057
25920
29708
32327
24251
29343
7595
31950
25163
20929
16113
29942
7680
30606
4821
22887
18867
5400
10902
26468
4034
4215
27492
4367
4252
12132
15055
20322
4876
20376
1521
6121
27975
18658
3930
29249
29364
21771
12222
26961
29309
6506
30048
21578
4826
11845
20029
13151
5400
16366
10489
7236
20075
9626
14475
29288
24953
2560
18087
26355
1186
438
16622
31870
24849
11082
27864
2709
22148
13603
28253
31982
12251
25878
3430
19046
5218
32199
26103
24511
16862
7622
28441
31259
23385
29797
1160
11575
22701
26715
24353
4457
25299
3098
10250
21848
10473
31728
4767
12157
31237
479
10528
27485
12220
6973
14363
3715
13680
15372
1178
20799
14429
27671
14605
26401
19555
6609
13558
21300
4497
16109
11095
17403
9845
12988
15323
13101
29478
17995
29382
17711
6414
1592
23454
9301
4984
15960
4759
21465
21725
6923
191
13975
27886
1114
12014
17806
864
3797
23403
12823
13179
7727
15966
28643
5218
5525
10490
25270
31264
12755
27495
11237
15222
26918
11632
21392
2151
27871
9713
18848
7552
10428
23806
31359
24552
23558
25811
29594
11819
10346
13696
21400
29125
12952
5969
599
15729
12445
18430
27819
1071
513
18072
16341
13592
11680
29230
24773
18401
24905
26434
6928
1585
20248
18414
17327
7586
1171
23254
19325
18073
6023
11469
32111
3014
17568
8518
25745
32378
23499
7553
5572
25516
5708
14961
22841
9673
12958
10607
28588
5951
29198
14241
28513
20936
21526
7208
29919
15991
11130
32013
9071
4739
26916
22249
12627
19670
14528
13142
31687
85
19223
23065
24249
30446
27181
26891
19527
31075
13081
32460
24572
18392
4519
25639
27082
3869
22958
24644
11463
26300
6706
9104
19880
9154
1594
30061
11518
3150
3952
4249
10546
14298
3706
23134
1090
10316
5403
24702
26936
26556
17928
18909
19823
14084
20107
9708
10629
6409
24025
18138
17951
18122
13876
4729
6240
22573
13249
30192
27174
11652
25895
26662
18954
26082
4587
9962
32534
28193
19086
6882
31813
29870
24164
3642
4027
19995
21298
8712
18889
5730
14991
11905
22431
6906
247
31198
19918
22940
4783
29196
7813
8146
29277
21782
14216
5956
7523
29778
1007
19138
23039
32335
19876
28688
19236
31610
15002
629
26133
